9496.0
9332.0
8710.0
9260.0
8680.0
9144.0
9370.0
9113.0
8702.0
8771.0
9132.0
8894.0
8869.0
8782.0
9009.0
8460.0
8889.0
8788.0
8828.0
8577.0
9009.0
8663.0
8493.0
8396.0
8710.0
8389.0
8820.0
8820.0
8509.0
8978.0
8424.0
8424.0
8666.0
8426.0
8404.0
8247.0
8442.0
8432.0
8439.0
8575.0
8424.0
8438.0
8272.0
8424.0
8272.0
8469.0
8347.0
8380.0
8424.0
8361.0
8430.0
8301.0
8424.0
8382.0
8424.0
8424.0
8424.0
8326.0
8382.0
8424.0
8424.0
8424.0
8422.0
8259.0
8347.0
8379.0
8272.0
8424.0
8389.0
8424.0
8424.0
8424.0
8424.0
8424.0
8424.0
8344.0
8424.0
8424.0
8397.0
8424.0
8424.0
8389.0
8424.0
8424.0
8424.0
8424.0
8424.0
8424.0
8424.0
8397.0
8233.0
8198.0
8377.0
8424.0
8424.0
8389.0
8233.0
8377.0
8424.0
8292.0
3333.0
3143.0
3103.0
3157.0
3333.0
3333.0
3333.0
3183.0
3098.0
3098.0
2938.0
3098.0
3098.0
3098.0
3098.0
3098.0
3083.0
3098.0
3098.0
3098.0
3068.0
3068.0
3068.0
3068.0
3098.0
3074.0
2998.0
3098.0
3098.0
3098.0
2998.0
3098.0
3098.0
3098.0
2938.0
3098.0
2938.0
3098.0
3098.0
3098.0
2938.0
3068.0
3098.0
3098.0
2938.0
3068.0
3068.0
3098.0
3068.0
3098.0
3098.0
3098.0
3098.0
3098.0
3098.0
2938.0
3098.0
2938.0
3098.0
3098.0
3098.0
3098.0
2938.0
3068.0
2938.0
3098.0
2938.0
3098.0
3098.0
3098.0
2938.0
3098.0
3098.0
3098.0
3098.0
3098.0
3098.0
2938.0
3098.0
2938.0
2938.0
2938.0
3098.0
3098.0
3098.0
3098.0
3098.0
2938.0
3098.0
3098.0
3098.0
3098.0
3098.0
3098.0
3098.0
3098.0
3098.0
3098.0
3098.0
3098.0
3154.0
3098.0
3098.0
3098.0
3098.0
3032.0
3098.0
3098.0
3098.0
3098.0
3058.0
3098.0
3098.0
3098.0
3098.0
3098.0
3098.0
3098.0
3098.0
3068.0
3098.0
3098.0
3068.0
3098.0
3098.0
3098.0
3098.0
3098.0
3098.0
3098.0
3098.0
3098.0
3098.0
3098.0
3098.0
3098.0
3098.0
3098.0
3098.0
3098.0
3063.0
3098.0
3098.0
3098.0
3098.0
3098.0
3098.0
3098.0
3098.0
3098.0
3098.0
3098.0
3098.0
3098.0
3098.0
3098.0
3098.0
3098.0
3098.0
3098.0
3098.0
3098.0
3098.0
3098.0
3098.0
3098.0
3098.0
3098.0
3098.0
3098.0
3098.0
3098.0
3032.0
3032.0
3098.0
3098.0
3098.0
3098.0
3098.0
3098.0
3098.0
3098.0
3098.0
3098.0
3098.0
3098.0
3098.0
3098.0
3098.0
3098.0
3098.0
3098.0
3098.0
3098.0
3098.0
3098.0
3098.0
3098.0
3098.0
3098.0
3203.0
3122.0
3333.0
3293.0
3098.0
3303.0
3066.0
3028.0
3098.0
3098.0
3068.0
3098.0
3003.0
3098.0
2998.0
3098.0
2998.0
3098.0
3098.0
3003.0
3098.0
3098.0
3068.0
3078.0
3068.0
2998.0
2917.0
3098.0
3077.0
3098.0
2998.0
3098.0
3098.0
2917.0
2917.0
2998.0
3098.0
3198.0
3098.0
3198.0
3198.0
3078.0
3182.0
3105.0
2917.0
2917.0
3098.0
3098.0
2917.0
3158.0
3198.0
2823.0
3198.0
3198.0
2917.0
2917.0
3198.0
3198.0
3198.0
3033.0
3198.0
2823.0
3198.0
2823.0
2823.0
2707.0
2823.0
2823.0
2823.0
2823.0
2823.0
2823.0
2823.0
2823.0
2707.0
2823.0
2823.0
2823.0
2823.0
2707.0
2707.0
2707.0
2707.0
2823.0
2707.0
2823.0
2823.0
2823.0
2707.0
2823.0
2707.0
2823.0
2707.0
2707.0
2823.0
2707.0
2823.0
2823.0
2823.0
2823.0
3293.0
2963.0
3098.0
3098.0
3068.0
2843.0
3098.0
3098.0
3098.0
2963.0
3098.0
3098.0
3098.0
3098.0
2868.0
3098.0
2843.0
3098.0
3098.0
3068.0
3068.0
3068.0
3098.0
3098.0
3068.0
2843.0
3098.0
3068.0
3098.0
3098.0
2843.0
3098.0
3098.0
3098.0
2843.0
3028.0
3098.0
3098.0
2843.0
2843.0
3098.0
2843.0
3068.0
3098.0
3078.0
3098.0
3098.0
3068.0
3098.0
3098.0
3098.0
2948.0
3068.0
3098.0
3098.0
2843.0
3098.0
3098.0
3098.0
3098.0
3098.0
3098.0
3098.0
3098.0
3098.0
3098.0
3098.0
3098.0
3098.0
3098.0
3098.0
3098.0
3098.0
2843.0
3038.0
3098.0
3098.0
3098.0
3098.0
3098.0
3098.0
3098.0
3098.0
3098.0
3098.0
3098.0
3098.0
3098.0
3098.0
3098.0
3098.0
3098.0
3098.0
3098.0
2843.0
3098.0
3098.0
2843.0
3098.0
3098.0
132.0
132.0
132.0
132.0
132.0
132.0
132.0
132.0
132.0
132.0
132.0
132.0
132.0
132.0
132.0
132.0
132.0
132.0
132.0
132.0
132.0
132.0
132.0
132.0
132.0
132.0
132.0
132.0
132.0
132.0
132.0
132.0
132.0
132.0
132.0
132.0
132.0
132.0
132.0
132.0
132.0
132.0
132.0
132.0
132.0
132.0
132.0
132.0
132.0
132.0
132.0
132.0
132.0
132.0
132.0
132.0
132.0
132.0
132.0
132.0
132.0
132.0
132.0
132.0
132.0
132.0
132.0
132.0
132.0
132.0
132.0
132.0
132.0
132.0
132.0
132.0
132.0
132.0
132.0
132.0
132.0
132.0
132.0
132.0
132.0
132.0
132.0
132.0
132.0
132.0
132.0
132.0
132.0
132.0
132.0
132.0
132.0
132.0
132.0
132.0
9411.0
9373.0
8885.0
9523.0
8640.0
8942.0
8978.0
8588.0
8720.0
8892.0
9149.0
8651.0
9235.0
8953.0
8547.0
8662.0
8720.0
8533.0
8691.0
8845.0
8233.0
8433.0
8451.0
7905.0
8251.0
8025.0
8245.0
8232.0
8016.0
8016.0
8246.0
8253.0
8022.0
8016.0
7951.0
8016.0
8016.0
7997.0
7992.0
7981.0
8043.0
7922.0
7928.0
8016.0
7879.0
8016.0
8016.0
7997.0
8016.0
7869.0
7771.0
8016.0
7869.0
8016.0
7879.0
7860.0
7852.0
7871.0
7871.0
7763.0
7871.0
7836.0
7871.0
7871.0
7871.0
7836.0
7852.0
7871.0
7871.0
7871.0
7763.0
7871.0
7871.0
7871.0
7871.0
7871.0
7871.0
7763.0
7836.0
7763.0
7763.0
7871.0
7763.0
7871.0
7828.0
7871.0
7871.0
7871.0
7871.0
7871.0
7871.0
7871.0
7871.0
7871.0
7871.0
7763.0
7871.0
7871.0
7871.0
7871.0
8941.0
9397.0
9074.0
9084.0
8985.0
9014.0
8850.0
8890.0
9272.0
8544.0
9283.0
8999.0
8417.0
9068.0
8821.0
8941.0
8628.0
9011.0
8737.0
9023.0
8824.0
8802.0
8485.0
8976.0
8419.0
8502.0
8664.0
8450.0
8699.0
8304.0
8256.0
8699.0
8937.0
8786.0
8934.0
8439.0
8945.0
8743.0
8696.0
8896.0
8911.0
9054.0
8430.0
8576.0
9207.0
8713.0
8718.0
8433.0
8947.0
8552.0
8265.0
8098.0
8828.0
8857.0
8864.0
8167.0
8793.0
8843.0
8643.0
8996.0
8433.0
8894.0
8334.0
8764.0
8887.0
8844.0
8930.0
8974.0
9099.0
9267.0
9228.0
9007.0
8918.0
8894.0
8678.0
8812.0
8586.0
8700.0
8499.0
8900.0
9024.0
9144.0
9054.0
8718.0
8648.0
8748.0
8903.0
9063.0
8862.0
9165.0
8974.0
8433.0
9063.0
8900.0
9267.0
8433.0
9263.0
9267.0
8965.0
9067.0
3303.0
3151.0
3028.0
3098.0
3098.0
3068.0
3098.0
3078.0
3098.0
3068.0
3098.0
3068.0
3078.0
3098.0
3098.0
3098.0
3098.0
3068.0
3098.0
3098.0
3098.0
3098.0
3028.0
3098.0
3098.0
3098.0
3098.0
3098.0
3098.0
3098.0
3098.0
3098.0
3098.0
3028.0
3098.0
3098.0
2961.0
3098.0
3098.0
3098.0
3098.0
3028.0
3098.0
3098.0
3098.0
3098.0
3098.0
3098.0
3098.0
3098.0
3098.0
3098.0
3098.0
3098.0
3098.0
3098.0
3098.0
3098.0
3098.0
3098.0
3098.0
3098.0
3098.0
3098.0
3098.0
3098.0
3098.0
3098.0
3098.0
3098.0
3098.0
3098.0
3098.0
3098.0
3098.0
3098.0
3098.0
2961.0
3098.0
3098.0
3098.0
3098.0
3098.0
3098.0
3098.0
3098.0
3098.0
3098.0
3098.0
3098.0
3098.0
3098.0
3098.0
3098.0
3098.0
3098.0
3098.0
3098.0
3098.0
3098.0
3098.0
3068.0
3092.0
3098.0
2968.0
3098.0
3098.0
3098.0
3068.0
3098.0
2870.0
3028.0
3098.0
3033.0
3078.0
3098.0
3078.0
3078.0
3098.0
3078.0
3033.0
2988.0
3065.0
2963.0
3033.0
2870.0
2870.0
3068.0
2968.0
3078.0
3014.0
3033.0
3065.0
3065.0
3068.0
3098.0
2870.0
3065.0
3033.0
2870.0
3098.0
2995.0
3098.0
2870.0
3065.0
3033.0
3098.0
3068.0
3098.0
3035.0
3078.0
3078.0
3078.0
3068.0
3068.0
2963.0
3098.0
2963.0
3078.0
2963.0
2870.0
2998.0
3068.0
3065.0
2870.0
3098.0
2963.0
2870.0
3098.0
3078.0
3098.0
3078.0
3065.0
3065.0
3078.0
3078.0
3098.0
2963.0
3098.0
2963.0
3098.0
2900.0
3098.0
2870.0
3098.0
3098.0
2870.0
3078.0
3068.0
3098.0
3068.0
3078.0
3098.0
3078.0
3098.0
2870.0
3065.0
3098.0
3065.0
3065.0
907.0
911.0
940.0
913.0
870.0
853.0
943.0
866.0
841.0
918.0
917.0
858.0
929.0
897.0
907.0
881.0
926.0
879.0
912.0
950.0
956.0
886.0
861.0
930.0
848.0
897.0
905.0
947.0
949.0
904.0
877.0
923.0
886.0
943.0
836.0
912.0
930.0
871.0
916.0
956.0
949.0
891.0
956.0
892.0
820.0
820.0
820.0
947.0
820.0
868.0
886.0
820.0
891.0
820.0
956.0
925.0
947.0
956.0
956.0
956.0
934.0
934.0
934.0
891.0
934.0
947.0
841.0
930.0
820.0
910.0
898.0
820.0
910.0
930.0
930.0
930.0
947.0
820.0
820.0
930.0
956.0
949.0
956.0
820.0
956.0
930.0
956.0
956.0
956.0
820.0
956.0
930.0
820.0
926.0
820.0
820.0
930.0
956.0
820.0
926.0
30692.0
30214.0
27554.0
27675.0
27923.0
27554.0
27554.0
27514.0
27554.0
27554.0
30119.0
27123.0
27510.0
27554.0
27554.0
27554.0
26897.0
27401.0
27554.0
26556.0
27020.0
27554.0
27689.0
27554.0
27031.0
27278.0
27031.0
27384.0
26997.0
27554.0
26780.0
27374.0
27554.0
27554.0
27554.0
27554.0
27073.0
26780.0
27374.0
27554.0
27554.0
27554.0
27554.0
27554.0
26780.0
27554.0
27554.0
26736.0
26780.0
27554.0
27073.0
27554.0
27554.0
27554.0
27554.0
27031.0
26526.0
27554.0
26736.0
27370.0
27554.0
27554.0
27554.0
27052.0
27384.0
26736.0
27384.0
27554.0
26736.0
26526.0
27554.0
26736.0
26736.0
26526.0
26526.0
27052.0
27052.0
27554.0
27554.0
27554.0
27554.0
27554.0
26780.0
26736.0
27554.0
27554.0
27554.0
26526.0
26526.0
27554.0
26526.0
27554.0
27554.0
26526.0
27554.0
26736.0
27554.0
27554.0
26526.0
26780.0
